111111111111111111111111111111111111111111111111111111111111111111111111111111111111111111111111111
100110111010011001010011100010000101010001001001011110110111000000000100000011001011000000100000100
111111000000000001000100000000011000000001000001000000000000110100000000000000100000010010011000000
100101000000000010001000000010100000000010000000001000001000001011001010001000000011011000000000000
101000000000100100000000001101000010110000000000000000000000000000000100100000000000100000000010000
110000001001000101000000001001001000000000001000000000001000000000000000000000100010000000000000000
101000000011000001000001110010000000010000000110000000000000000000000100000000000001000100000001000
110000000101000000000010000000010010000000011000100010000000000000001000000000000000000000000000000
100000000010000000000010001000000001110100100000010001111010110000000000100001010000110000000000000
100000000100001000000010000000000010001000000001000000000000000000010000000000000000001001000000000
110000000000010000011100100000001010100000000000000000100000000001000001001010001000000010100000000
110000110000010000100000000000010000000000100000000000000000000010011000000000000100000000000000000
100001000000000011100000010010110010000000000000000000000000000000000110000100100010000000000000000
101111000100000100000000001100000100000000000000000100000000000000000000001000000101000000000000001
101000001000010100000000010000000000000000010011011000000101000000000000000000000000100000001000000
100000010000100000000001100001000000111011101100000101100000000000100000000000000000000000000000000
100010000000100000000010010000000001000000000000000000000100100000000000001100000000000100000000000
101000000000000000000011100000000001000001100000000010000011000010000000000000010000000000000100100
100000000000100000010100000000010010000110000000000000000001010101000000000010000000000100000100000
100000001101000001101000000110100101000000000000000000000000001000011000110000000000001000000000010
100100110000000010010000000100011000000000000000000000000000000000100001000000010000000001000000000
101000010010000010000000000000100000000000000100110001100000000000000110000000100000010000000000001
100010000100001000100000000000000000011000011000000000011000000000000000000000000100000000000011010
111000001000000000000010000100000100010100100000000000000000000000000000000000001000000000100000000
100000010000000000100001000100000000001000000000000000000000001000000000000000000000000000000000000
100001000100000001000010101001000001010000000001001000000010000000000001010000000000100000001000000
100010010000001010000001010000001010010000000000000000000100110010000000000101000000000000010000000
100110100000010000000010000100110110000001000000000000010000000000000000100000000001010010000100000
101010000000000000011100000001000000100010010010000100001000000000010010001011000000000000000000000
100100000000010010100000000010000000000000100000000010000000000100000000000000000000000000000000000
111000000010100001000000000000001000000010000000001000000000000000000000000000000010001000000010000
110000100101000001010100000110000000000101000000010100001010000100001100000000010000000000000001000
110000101000000110000000001000000000000010000000100000000000100000000000000000000000000100000000000
100000000000100000000000111010000100000000100000000010000000001000100010000000000000000000000000000
100000000100100000010001000000000000100000000001000101000001000000000000000000001000000010000000000
100100000100000000010000010000000001000000001000000000000000000011000000100000000000000000000000000
100001010000000010000000001000001100000100010000000000000000010000000000000000000000000001000000100
100010001001000000100000000000010000000000000000000000000100000001100000010000000000000000000000000
110000111000000011000000000010110000010000000100000000010000000000000000000000000000000000010000000
100000100000000001000000001001000000000000000000000000000000000000000000000000000000000000000000000
100001001000000000000001001000000000001000000000000000100000000000010000001100100100000000000000000
101000100010000010000010001010010000000000000000000000000000000000000000000000000001000000000000000
110001000000000100000100010100010001000000100000000000000000000000000000000000000000000000100000000
100100000000001000001000000100000000000000000000000000000000000000000000000000000000000000000000000
111000000001010000000010001001000000001000000000000000000000000000000000000000000000000000000000000
100000000000001000001100000010000000000000000000000000000000000100000100000000000000000000000000000
100001000000010000000100000010000010000000000000000000000000000000000001000000000000000000010000000
101110000000000110001000000110000000000000000000000000000000000000000000000000000000000000000000000
110000000001001000001100001000000000000000000000000000000000000000000000000000000010000000000000001
110001000000010100010000000000001000000000000000000000000000000000000000000000000000100000000000000
100100000000100000000000010010000000000000000000000000000000000000000000000000000000000000000000000
100100101000000001010000000000100000000000000000000000000000000000000000000000000000000000000000000
110000010000010000010000000010000000000000000000000000000000000000000000000000000000000000000000000
110001000000100000000101000001000000000000000000000000000000000000000000000000000000000000000000000
110000000000010000000010000000001000000000000000000000000000000000001000000000000000000000000000000
110000000000000110010000001000000000000000000000000000000000000000000000000010000000000000000000000
101000000010001000000000000100100000000000000000000000000000000000000000000000000000000000000000000
110100100000100000001000000100000000000000000000000000000000000000000000000000000000000000000000000
100000000000000100001000000000000000100000000000000000000000000000000000000000000000000000000000000
100001010000001000000000000010010000000000000000000000000000000000000000000000000000000000000000000
100000010000000000100010000001000000000000000000000000000000000000000000000000000000000000000000000
100100000100000010000000001001000000000000000000000000000000000000000000000000000000000000000000000
100000010100000010000000000000100000000000000000000000000000000000000000000000000000000000000000000
101100010000000000000000101000010000000000000000000000000000000000000000000000000000000000000000000
100000001000000100000000010000010000000000000000000000000000000000000000000000000000000000000000000
100000000010000000100000000000010000001000000000000000000000000000000000000000000000000000000000000
101010000100000100000000000010000100000000000000000000000000000000000000000000000000000000000000000
101000100000000000001000001000000001000000000000000000000000000000000000000000000000000000000000000
110000000100000001000000001000000000100000000000000000000000000000000000000000000000000000000000000
111001000010100000100000000000100000000010000000000000000000000000000000000000000000000000000000000
100000001100000000001000000000001000000000000100000000000000000000000000000000000000000000000000000
101000001010000000001000000000100000000000000001000000000000000000000000000000000000000000000000000
100000000100000001010000000000000100000000000000000000000000000000000000000000000000000000000000000
110001000000000100000000000000000100001000000000000000000000000000000000000000000000000000000000000
100000100000001000000000000000100010000000000000000000000000000000000000000000000000000000000000000
100100000000100100000000000000001000000001000000000000000000000000000000000000000000000000000000000
100101100000010000000000000000100000000100000000000000000000000000000000000000000000000000000000000
100000001000001000000000001000000000010000000000000000000000000000000000000000000000000000000000000
110010100000000001000000000000010000000000100000000000000000000000000000000000000000000000000000000
100000000100000100000000000000000100000000000000000000000000000000000000000000000000000000000000000
110000000001000000010000000100000000000000000000000000000000000000000000000000000000000000000000000
101010000000100000000100000001000000000000000000000000000000000000000000000000000000000000000000000
100000000100000000001000000000001000000000000000000000000000000000000000000000000000000000000000000
111000000000100000000000001000000001000000000000000000000000000000000000000000000000000000000000000
101000000000000000001000010000000000000000000100000000000000000000000000000000000000000000000000000
100000100100000000000010001000000000000010000000000000000000000000000000000000000000000000000000000
111000001000000000000001010000000000000000000000100000000000000000000000000000000000000000000000000
100100000000010000000000000001000000000000000000000000000000000000000000000000000000000000000000000
100001000000000010000000000000001000000000000000000000000000000000000000000000000000000000000000000
100001000000000000000001000001000000000000000000000000000000000000000000000000000000000000000000000
100000100000000000100000000000001000000000000000000000000000000000000000000000000000000000000000000
100000001000000000100000000000000000010000000000000000000000000000000000000000000000000000000000000
110000000000001000000100000000000000001000000000000000000000000000000000000000000000000000000000000
101000000001000000000000001000000000000000000001000000000000000000000000000000000000000000000000000
100001000000000000001000000100000000000000000000000000000000000000000000000000000000000000000000000
100000000000010100000000000000000010000000000000000000000000000000000000000000000000000000000000000
100100000000001000000000000000100000000000000000000000000000000000000000000000000000000000000000000
100010000000001000000000000000000010000000000000000000000000000000000000000000000000000000000000000
100100000001000000001000000000000000000000000010000000000000000000000000000000000000000000000000000
