112222103033010131222011213230400553125452334314133112321314332203231011224432144133011103232021020
011011032331021030240423434240221112422151121224411255141332133155431403444301123221323022321022000
012110312231210320403223341221511441115114255551345244424222411211343411234301022110013332220312011
012123313111304403232213301433342414313452532334231214541534223132235151004104001433431232113332100
203000331234002220102234334443431425451435155325513512552432231524242511130211344113410100013003201
230112202221104134034331333421515253431353124424243644222413342521321244512442243443423001310331020
031231033444101311014241351314335431215544435625564265246452124331113552233443124113104333220232322
021202334032330303115454554243353242225326454336433363224436522524554335121334411033104331212130312
011002223403114322131131432111335546546625245462452444433523435534151243215335543424202130213221211
130132043232421211445523221554453266346333553655433642332562665432622255323521513044400230201001022
012103120331344151454134425262626244665255234562425525243263443665464342351154223341333214241321303
231131144411323352351341354655636655635443625642423622543642654433524322121112332134413110412000133
321134002321424122531141232223353464543242423536436445653632464635222524332254452341110312434400021
020124213110421525211245354326336223532257534746756353353356323666536544541241253255304213032300312
032331100335233512251465345522444355633334436473344575736533665334444246352531422323234442003321302
344030414124141454321634635455525453636737746556747636653535535266344335423455451215312233224301010
003410303411442423363436462326527373645374664675477436637536443454444525222334434134451414402442332
242321230451331541442436565336647574776553773676654775556653547645762622633526642234452110443212101
200022303341121454446335556433755646533734573557445763445637767444657356264423642122354224433340341
123130155152333342366236232347353775357744763536366373633666473666337743456266453124243522332113320
021333134223122555662623347456334366336666484788585555757465745774674743325443455453323541322041010
423440121113315563452655636776666653677588664746647877585563654666764364355324565422313543231213314
103101553451123546265266466335436473557467586868778688574447653666377373555452435432222422323432401
100332453421253524622235647464655674578556458646467665466746776634657377472665624262423215553120432
443024344535555244553566566463345555665576585464556587474576445683377353753363563562323522354340411
210441444153433266523443466676364477668448746454778476454756457684756547335524543624242452553113304
320423433413626554456634356656456685777774788776874477488755764886745453744546245242625435321311011
111335314142466633555734453447885458686784796688559776888888478446865675565563642243444524254503440
443452325355334636754663347545545555775459876858569555799784465544866567347734765545562421252130100
422142135333236234435345343677858475776876695798955999856565868787785877736664625362253424435433313
324451542626554437545435637645484548799769868966878769995679765676765886466653765455664335434352221
225312552655334425534574764868678585985657965799887898897555875764454744533457343653364331532214013
434254542422332565347435665866547899997966778579758967555975995485467868646767556223524625525124342
245214146565442273654347657584466879589659679888999589697586796884578886777633663364642445132211501
443254224555454337473357778548659766968979655669678965666568665888844686645567576633532624522321220
252515235363332566573345844844788879685588696889898798798777668755465758855464735654626556342411411
413135226345224754566745847688697787969668786988878767786658596955556877574544555773625556421431333
315225443444253473366464548665976799668798798867869896776679665657678658446443654674253266453322212
312513466562254377654844857785759565568978678879779999677767775566564567584875345773353663235422351
423455655546436376374674886867667968978966886997997796898898595575586484578674475665443546253552451
154511654442445435633684844755659869689767966677887968977978695578795865447735475664454554321112254
112525544532576575753576648469658568866678688778996699677678778567967586664436477365534322554225320
431525432325343776445448884565977557679796899897888989697877686767767655768556777456466345342443253
354452534523565373378884685859567999888697797999989777886986785879698988657857755677334536623434234
124333326525656653346764588775789879676689997888889999987768999758576674548856446573565534635323431
235455443325264474368474466567987696688989978989999999997999878758655646584783674573562263361515135
213214636642447734574584848798756586668699788899999798987878766887668965475543675337623333265352145
545535634334547365538544487586955598776679789899887878897688799976875754856776666537445462235125432
235356425263357435368474544968788769878999887888879798887996789789685586545886656665466333644422424
452145246455743753466454884978679686668778989889878888778679878675986564745587745547326646423441534
414436236354737375574545545795858888896888987789789897886966789768596585877763765767333222444252412
343226256642434475364576757669565986696769778977789787776667898557988866467677673673622223242432512
124555256536535757767774466686999969668678999997977978997689876896668645444443747564625653623224522
113323524265534655747578555989976696966899787787989979679689696966587558574787634674253246354124553
343553464622467647748877674598699868777888797879797899987967887875588884478584663776453635324114423
144344626256237364655476556758596869867676689677777878668879788888765885667755664655246356453352540
443545335546255376547874776459957777967669987999777686878676897978987874647744563634565366555343231
244223244442647476737647854677655598996999977779798776987996986868578888564746644746254253312411540
141413663645353447777748487668978898668898666798677868997765755966965655876465457665422346235541521
255415153656644556753687658744799679596889999877978776987757676957554657544477576355324234242343433
545545126556236373443765777765696898977789988967886877688959858599687788546553435752442246141145121
225111253263254466754537578756477566956996869989996996696556896758886788665456573646425366214355130
342555544332623476476356444467488678798667886897799667689856675795476457474434634455455423123152123
415515246633643277343734888465745857656867855976695796565886666574877544555466465342452551331425414
124432246262526664356466667678784596579985999978855679656875689774657888766774347456356351454351123
055151333542224467664437685446458868865557977878657779955795968765754776457535472266254614211551231
132135345234263464667335578576756876788888886875697678899856965586447564555337443564322311132114043
142143351565254433345433467647474656486889788978996878856984574644486837544634732624536254323342334
002124332365452443776473435557858856456899798585688556785574545555875373536755734532636323532441002
101152212132343445533335756438756874844566556875686995648867445867877633565573665645563513251421302
333242335323526443243777674333754664588886754786545676548655754684765744456365523345251231412443333
314441532241466325563434663637756646577485774888885856657575565576764634733636443254215514143133143
030023454113253532665645544365567588846684575876657567544465558655753574636422654333414315431420130
222102354525226263345334335463454587777878688876785655586755846646354636736636624333234314313204444
220032154155555465264432676653534356675478757457774757854876536536576764352464265635523422321330220
213242122244155643356443345375675753776786777754765574557873555537445347365252556623452144100333141
011043453554525245224524647373433647344564864464467466643334537453657764534533462515445531322244412
023212124513312463622265553647755567473663634656767673734654457773734756424243535424135455104004420
032132024221253155663563354544663766543644564645677734465766436444664524263362225321451333023112001
424041101322312212334354334366735745354753373556365545354657665376746344562426525144421324032321132
134214324412453135563265452264333565337677673655463335757366634733255542436535415212453533421120412
032104312014551544225634534423625634443636445774533645357735334436324226223632453132544232230303233
331302401113544111555534236224244534663657465566573355643663564635564232543444445414254103124330200
311041211231151132333336546662466322344536736677645466777644265362364563555554125141542322243230200
011120040020341451224223643344445452233225432633743343446456262353335356652515442145241144112311120
120312003134412315555441154436543652544436366235654252452656522455425263244154242142402434310232101
132014144000102135454133514554262554556642353252654643663643363342263124555423534340023242001220111
012032003440324314334332433155342464656436445236356345332523645556553322443544254413300122132200022
133013310443412020224512235212346352222343653526634624456365433634155353414323441241333433211003020
112300234311232344324252333511323444442626224433663544425466561441433515414255040110302443131030032
201333001334002002224543455452454421226232353324363466662351314131333235145320043331142400233102300
102310302200233300200134334122554235441332513465265655214455311143344334322000113331100310223133121
201231103324414110313214522255445415223412552534341144155421251123121124532311134124322322213013110
122232333203322402411200102341522124231424155423525513251252443253231150321141243220112200002221202
121003321003120301420434214124425522132522213122443135242424151355152114123401332120303320101301202
202233003213131011432243110400443222335135325441543232524215411441534130432422102321222121232220112
122001301201323024313203044004211423252312522255543221553412552323420214120230024121002202122010211
010101313121031032200012131441140011214444444111112222314122312402134444102421312201102111011100121
122112233021322120021313044440303201113433332245152122202301214010430440304241112320301220112111020
