111111111111111111111111111111111111111111111111111111111111111111111111111111111111111111111111111
101000010100000000110010010000000110011001011000101010001000010111000100100000101100100001000100001
110011011000010001000100011000001010100100000010000001100100101000001000000010011010000100000111001
100001100001100000010010000000010110000000000100000000000001010001100000001101000101000000000001001
100010000000000000010010000010100000000010000001100000010000000100011000000000000101000000000010001
100100100000000101100000001100000000000000100010000001000000000100000110001000000000101101000001001
101010000000001010000000010000000000000000000011010010000000001010010000000100000000000010000001001
101000000001010000000000111100000000001000011110000001000000100000000100110011100000000010000000111
110000000110000000000111000001000000010110100000001000000101010010000001000010100010000010100000101
100000000100000010001000000000100001100000100000000100001000100010100000000001000000000011010000111
101000000010000001010001000100000110101001000000100000000000001010010000000000100000000000100000001
100000100000000010101000010000011000000001000000000000000000000001010001000000010100000000110101011
100100001100001000010000000010100000000000000000000000110000000001001100000000101010000000000010001
101100001000000100000100001100000000000000000000001001000000000000000010001000000010010010000000101
100010011000001000100000010000000010000000111000010110001000000000000011100100000001010000001011001
110100100000110000000000000100000000000001000000010000000110010000000000000010000000001000001001001
110101000000100000000001000000100000000001000000100001000010000000001000010001000001000100000100001
101000001001010000000010100000000001000010000000000000110010100000000000000010110000000100000010101
110000000010000000000101010000101010000100000000000000000001010001001000000000001000001000000000011
100000001000000001001010000000010000100000000001100000000000000100000101000001001000000000000000001
101101000110100000000100000001000000100010000010000000000000010100100100000000000110001001010000001
110010001000000001010000001010100000000000000000000000001000000000000010100000000001100010110000011
110000000010000001100000000110000100000011000000000000110110001000010000010100100001000000001001001
100000000000100010000000001000010000000010001100000000000101000000000001010000000000101100000001011
100100000010010010001000001010000000001010010000010001110011000010000000001000000001100000001001001
100001000000000000010000010010000000110000000000000000000000001101100000000000000000010000001100001
100010001000000010010000000100000001000000000001001110000000000001010000000000000100010000001101001
100000000010000000001000010000000010000000100010000000000001110000000010000111000000001000100100011
100100010000110000000110000010001101000000000011000000000000001001000100001000100000010000010011001
110010101000101000001101000000010000000000000100100000010110000000101010000100011000000010000001001
100100010001000000010000000001010000010011000100011001100001000000000100000000000100000001000010011
100000000101000010010100000010000000001010110000000000000010001000000000110000100000000001001100001
100011000001000100011000100000000100010010001100001000001000000000000000010000010100001000000010111
100100000010000000100000000110000001110000000000000000100101100010010000001000000011000000100000001
100100000001000001000000001000000001000000000000000000000000000001000010011000000010001001010001011
101000000000000000100000010001010010000000000100100010100000010000000000000100000001000000010000011
100100000110000000010000100000000100010000000000000100000000001000001001000000000001000100000000101
101000001000000001100000001000000100100100000000000000000000000100010000010000000100000101000000011
101000001000000010000000001000001001000000000000000000000000000100101000000010000001000000010000001
111000100000001001100000001000001010000000000000000000000000000000001000000101000100000000111000001
110000001000000001000000010000110000000000000000000000000000000000000100000010000010100000000100001
110000000000001010000000001000000000010000000000000000000000000001000100000101000000010100000000001
100101001000000000000010000010010000000000000000000000000000000000000010000000100001000010000000101
110000001000000010000010100100000000001000000000000000000000000000001010000000100000010000000100001
110000001010000100000100000000000000000010000000000000000000000000000001000000010000010000001000101
100000001000000100000100000000000010000000000000000000000000000001000000100010000101000001000100011
110000010000000001000000000001000100000000000000000000000000000000000101000000000000100000010100111
110000000000010100000000000010010010000000000000000000000000000000000010000000000001001000000010001
110100000000001000000000010000100000000000000000000000000000000000000001000000000000000100000010001
110000001000001000000101000000010000000000000000000000000000000000000000100100000000000100010000001
100000010000000000000100000000001000000000000000000000000000000000000000100000010000011000000010011
111000010100001000000000010001000010000000000000000000000000000000000101000000010000010000000100001
100000100000001000000000010010000000000000000000000000000000000000000001000001000000010000000110011
100000100000000100000100000000000000001000000000000000000000000000000110000000010001101000000000011
110001010000000100000010000000000001000000000000000000000000000000010000001000100000000000010000011
100000010000001000000010000010000000100000000000000000000000000000000010000000010001001000000000001
100000001001000101000001000001000100000000100000000000000000000000000100000010100000110000000000101
111000000000000101000000000100010000000000000000000000000000000000000010010100000000001000000000111
100100000000000100100000000010101000000000000000000000000000000000010100000001000000010000000100001
100000001000000000100001000000010000100000000000000000000000000000100000000110000001000000000101001
100000000100000100000010100000000000000010001000000000000000000001010000010000100001000000001000101
110010101000000100000011011000000000001000000000000000000000000000000100010001000001000000010000011
100010001010000100000000000010000010000000000000000000000010000000001000000100000000100000010010001
110000001000000011010000010000000001000000100000000000000000000010010000000100001001000001000000001
100010010110100000100000001100000000000000000010000000000000000000010000011000000010000000000001011
110000000000010000010001000100000100100000000000000000000000000010100001110000010001000000010000011
101001000010000000001000001000100000100000000000010000100000000001000010100100010011000010100001001
101000010001100000101000000100000000011001100000000000000001000111000000100001100000000000100000011
100100000000100000010100000100000000001000000000000100001000001000001101001010000010000000100001111
100011000000000100000000010010000000000100001000000001001000110000000101000000000100010101010000001
110100100000100000010000000001010100001001000111001010000011000000100000000000000100100000000001001
100010000000010000011001100100010000000000110001000000001100000000000100000000101000001000000010101
100011001000010000000000010000001100100111001000100000010000010101011000000001000001010100000100101
100000100000101010000000001000000101000000100000001000000000010010000001000000000001101001000000101
110000100010000101000000010000000100000000000000000000001001000100000000000001000000000000100000001
110000100000000101000000101000000010000010000000000001000000010000000000010000000100001001001100101
110000011100000011000001010100000000000001001000000000101000100001000000000000000010010000000100011
101000000010000000100000000010010000000000100110100001000001000000000000100000000101010000001000001
100100000010000000010000000010000000000000010101100000001110000000010011010000000110100000010010101
110000000010000000101000000010010011000000000000010110010000000000000010100000001000000000001000011
100000000001100000010010100001000000010000000000000000000000100001000100000000010001000001110100001
111001100000100000010000010000110000001100000000000100000000000000011000100010100000000001000000001
100100000000100000001100001001001000101001000001000000010000011000010000000000001000000010000000111
100011000000011000000000000000001000000000100001010000010010100010100000010100110001000000000001001
110000000100000000000010001000000000000000010100100001001001000000000000001001000000000010001000111
110000000011001000000000000101000000000000001010010010100010000000000010000010000000100100000011001
100010000000000110100000000000100110000000000000001001000100000001000100000100000101000000000010001
100001110000000000010000000000010000010000001000100000000000000000000000100000001001000000001100001
110000101000000000000100000000100000000001000000000000001000000001000101000000000001001000000010011
100000010100010000010010010000010011000000000000000000000000011001101010100000010010010000001000001
110001000000001000010001000000001000011010000000000100000000000010010011000001000000001000110010001
110000000001000100001100101000000000101000000000000010000011101100000000000000010000000000010100001
110000000001000000001000000100011000001101000000000100100100000000010000001010100000010000100000001
101100000000110000000000010000000000100010100010110001000001000000000100010010000000010011000010001
111000000000010010000010001110000000010000000001000000000000000010100000000000100100000010000000011
111100000000010000001000000101000001000000010001001100000101010100000000000110000000010100000010111
101010100000011001000101000010100000000001001001000000001000000100110101000000000101101000000100011
101001010011000000000001000000111000001000101000110011110101000000001100010000101001001000001000001
111111111111111111111111111111111111111111111111111111111111111111111111111111111111111111111111111
