100000000000010000000100000000000000000000000000100000000000000000000000000000000000000000000000000
100000000000000000010010000000000000000000000000000000000000000000000000000000000000000000000000000
110000000000000001000000000000000000100000000000000000000000000000000000000000000000000000000000000
100000100000000000000010000000010000000000000000000000000000000000000000000000000000000000000000000
100010000000000000000010000000100000000000000000000000000000000000000000000000000000000000000000000
100000000000000001100000000100000000000000000000000000000000000000000000000000000000000000000000000
101000000000001000000000010000000000000000000000000000000000000000000000000000000000000000000000000
101000000000000000000000001000000000001000000010000000000000000000000000000000000000000000000000000
110000000010000000000001000000000000000000100000000000000000000000000000000000000000000000000000000
100000000100000000001000000000000000100000000000000000000000000000000000000000000000000000000000000
101000000010000000000000000100000010000000000000000000000000000000000000000000000000000000000000000
100000100000000010100000000000001000000000000000000000000000000000000000000000000000000000000000000
100100000100000000010000000000100000000000000000000000000000000000000000000000000000000000000000000
101100001000000000000100000100000000000000000000000000000000000000000000000000000000000000000000000
100010001000001000000000010000000000000000000000010000000000000000000000000000000000000000000000000
110100100000010000000000000100000000000001000000000000000000000000000000000000000000000000000000000
110101000000100000000000000000100000000000000000100000000000000000000000000000000000000000000000000
100000000001010000000010000000000000000010000000000000000000000000000000000000000000000000000000000
110000000010000000000001000000000010000000000000000000000000000000000000000000000000000000000000000
100000001000000001001000000000010000000000000000000000000000000000000000000000000000000000000000000
101001000000100000000100000000000000000010000000000000000000000000000000000000000000000000000000000
110000001000000000000000001010000000000000000000000000000000000000000000000000000000000000000000000
110000000010000000100000000010000000000000000000000000010000000000000000000000000000000000000000000
100000000000100010000000001000000000000010000000000000000000000000000000000000000000000000000000000
100100000010010010000000000010000000000010000000000000000000000000000000000000000000000000000000000
100000000000000000010000010000000000010000000000000000000000000000000000000000000000000000000000000
100010001000000000010000000100000001000000000000000000000000000000000000000000000000000000000000000
100000000010000000001000010000000000000000000010000000000000000000000000000000000000000000000000000
100100000000100000000100000010000100000000000000000000000000000000000000000000000000000000000000000
110010100000100000000100000000010000000000000100000000000000000000000000000000000000000000000000000
100100010001000000010000000000010000000000000000000000100000000000000000000000000000000000000000000
100000000101000000010000000010000000000010000000000000000000000000000000000000000000000000000000000
100000000000000100001000000000000100010000000000000000000000000000000000000000000000000000000000000
100100000010000000100000000000000001010000000000000000000000000000000000000000000000000000000000000
100100000001000001000000001000000001000000000000000000000000000000000000000000000000000000000000000
101000000000000000100000000001010000000000000100000000000000000000000000000000000000000000000000000
100100000000000000010000100000000100000000000000000000000000000000000000000000000000000000000000000
101000001000000000100000001000000000100000000000000000000000000000000000000000000000000000000000000
101000001000000010000000001000001000000000000000000000000000000000000000000000000000000000000000000
110000000000001001100000000000000010000000000000000000000000000000000000000000000000000000000000000
110000001000000001000000010000010000000000000000000000000000000000000000000000000000000000000000000
110000000000001010000000001000000000010000000000000000000000000000000000000000000000000000000000000
100101001000000000000010000010010000000000000000000000000000000000000000000000000000000000000000000
110000001000000000000010000100000000001000000000000000000000000000000000000000000000000000000000000
110000001010000100000100000000000000000010000000000000000000000000000000000000000000000000000000000
100000001000000100000100000000000010000000000000000000000000000000000000000000000000000000000000000
110000010000000001000000000001000100000000000000000000000000000000000000000000000000000000000000000
110000000000010100000000000010010000000000000000000000000000000000000000000000000000000000000000000
110100000000001000000000010000100000000000000000000000000000000000000000000000000000000000000000000
110000001000001000000100000000010000000000000000000000000000000000000000000000000000000000000000000
100000010000000000000100000000001000000000000000000000000000000000000000000000000000000000000000000
111000000100001000000000010000000010000000000000000000000000000000000000000000000000000000000000000
100000100000001000000000000010000000000000000000000000000000000000000000000000000000000000000000000
100000100000000100000100000000000000001000000000000000000000000000000000000000000000000000000000000
110001010000000100000010000000000001000000000000000000000000000000000000000000000000000000000000000
100000010000001000000010000010000000000000000000000000000000000000000000000000000000000000000000000
100000000001000001000001000000000000000000100000000000000000000000000000000000000000000000000000000
111000000000000101000000000100010000000000000000000000000000000000000000000000000000000000000000000
100000000000000100100000000010100000000000000000000000000000000000000000000000000000000000000000000
100000001000000000100001000000000000100000000000000000000000000000000000000000000000000000000000000
100000000100000100000010000000000000000000001000000000000000000000000000000000000000000000000000000
100010101000000100000000001000000000001000000000000000000000000000000000000000000000000000000000000
100010001000000100000000000010000010000000000000000000000000000000000000000000000000000000000000000
110000001000000000010000010000000000000000100000000000000000000000000000000000000000000000000000000
100010010010000000100000000100000000000000000010000000000000000000000000000000000000000000000000000
110000000000010000000001000100000000100000000000000000000000000000000000000000000000000000000000000
100001000010000000001000001000000000100000000000000000000000000000000000000000000000000000000000000
101000010000100000001000000000000000010000100000000000000000000000000000000000000000000000000000000
100100000000100000010000000100000000001000000000000000000000000000000000000000000000000000000000000
100011000000000100000000010010000000000000001000000000000000000000000000000000000000000000000000000
110100100000100000010000000000010000000001000000000000000000000000000000000000000000000000000000000
100010000000000000010000000100010000000000000001000000000000000000000000000000000000000000000000000
100010001000010000000000010000000100000000000000000000000000000000000000000000000000000000000000000
100000100000000010000000001000000100000000000000000000000000000000000000000000000000000000000000000
110000100000000100000000010000000100000000000000000000000000000000000000000000000000000000000000000
110000100000000100000000100000000000000000000000000001000000000000000000000000000000000000000000000
110000000000000001000000000100000000000000001000000000000000000000000000000000000000000000000000000
100000000010000000100000000000010000000000100000000000000000000000000000000000000000000000000000000
100100000010000000000000000010000000000000000000100000000000000000000000000000000000000000000000000
110000000010000000001000000010000000000000000000000000000000000000000000000000000000000000000000000
100000000000100000010000000001000000000000000000000000000000000000000000000000000000000000000000000
101001100000100000010000000000010000000000000000000000000000000000000000000000000000000000000000000
100100000000100000000000000000000000001001000000000000000000000000000000000000000000000000000000000
100011000000001000000000000000001000000000000001000000000000000000000000000000000000000000000000000
110000000100000000000010001000000000000000010000000000000000000000000000000000000000000000000000000
110000000001001000000000000001000000000000000000010000000000000000000000000000000000000000000000000
100010000000000000100000000000000010000000000000000000000000000000000000000000000000000000000000000
100000010000000000000000000000010000010000000000000000000000000000000000000000000000000000000000000
100000100000000000000100000000100000000000000000000000000000000000000000000000000000000000000000000
100000000100010000010000000000010000000000000000000000000000000000000000000000000000000000000000000
110001000000001000010000000000000000000000000000000100000000000000000000000000000000000000000000000
110000000001000000000000001000000000001000000000000000000000000000000000000000000000000000000000000
110000000001000000000000000100000000000001000000000000000000000000000000000000000000000000000000000
100100000000010000000000010000000000000000000010000000000000000000000000000000000000000000000000000
111000000000010000000000000010000000000000000000000000000000000000000000000000000000000000000000000
111100000000010000000000000100000000000000000000000000000000000000000000000000000000000000000000000
101010000000000000000001000000000000000000000001000000000000000000000000000000000000000000000000000
101000010000000000000001000000001000000000000000000000000000000000000000000000000000000000000000000
100000100000000001000000000000000000000000000000000000000100000000000000000000000000000000000000000
