101000000000001000100000000000000000010000000000000010000000000000000000000000100000000100000001001
100000000100000000000000000000101000000000000000000000000000000010000000000000000000100000000010001
100000000100000001000000000000001000000000000000000000000000000000001000000000000000100000000001001
101000100000000000000000001000000010000000000000000000000000000010000000000000000001010000000000001
101000000000001000000000000010000000000000000000000000000000000000000001000000100000000000000100001
101000000001000000000000000000010000000000000010000100000000000000000000100000000000000100000000101
100000000000000100000000001000000000000100000000000000000000100000000000000001000000100000000000011
100000000001000000000100000000000000000100000000000000000000010000000000000000001000000000100000001
100000001000000000000000000100000100000000000000000000000000000000100000000000001000000000001000001
110001000100000000001000000000000010000000000000000000000000000000000100000100000000000000000100001
100000010100000000000100000001000000000000000000000000000000000000100000000000000010000000000100001
101001000000000000000001000000000000010000000000000000000000000000000100000000000000010000000001001
100001000000000100000000000000000010000000000001001000000000000000000000010100000000000000100000111
100000000000011000000000001000000000000000000000000000001010000000000000100010000000000001001000001
110001000000000000000100100000000000000010000000000001000000000000000000010000100000000000000000101
100110000000000010000010000000000000000000000100000000000000000100000000100000000000001000000000111
100000001000010000001000000000000010000000000000000000000000000000100000000000100000000001000000001
110000000001000000000000000000001000000000000000000000000000000000000100000001000000001000000010101
111000000000100000010000000001000000000000000000000000000000000000000001000000010000000100000000011
101000000001000001000000000001000000000000000000000000000000000001000000000000000001000001000000001
110000010000100000000010000000010000000000010000000000001000000000010000000000000100000000001010011
100100010000000010000000000100000000000001000000000000000000010000000000100000000000100000100000001
101000001000000001000000000100000000001000000000000000000001000000001000000000000000010000001101001
100100000000001000000000000100000000000100000000000000000100000000100000000000000001001000000001001
100101000000010000000000000010000010000000000000000000000000000010001000000000000000100000001000001
100000010000000000000001000000001000000000000000000000000000100001000000000000000001000000000100011
100000010000001000000100000000010000000000000000000000000000000001000000000000010100000001000000001
100000001000001000000000000000000000100000001000000100000000000000001000000000100000000010100000101
100001000000001000000100000000000000000000010000000001000000000000100000000000100000000001100000001
110001000000100000001000000010000000000001000000000000000010000000001000000000001000001010000100111
101010000000000010100000000001000000000100000000000000000000001000000000100000000100000001000000011
100000100001000000000010000000000100010000000000000000000000000100000000100000100000000000001000101
100100000100000000000000010001000000001000000000000000000000000001000010000000000001000001000010101
110100000000100000100000000010000000000000000100000000000000100000010000000000001000000010000000001
110000101110000000000000100000000100000000000000000000000000000000010000010000000001000000100000001
110011000000000000011000010000000000001000000000000000000000000000010000101000000000000000010001101
101000100010000000000010010000000000100000000000000000000000000000001000000000000010000001010000001
110000000000000100001000000100000001000000000000000000000000000000000100100000000010000001000001001
101000010000000001000000000100000100000000000000000000000000000000000100000010001000000000010000001
100100001000000000100000100000000100000000000000000000000000000000010010000000000000100000010100001
100000000000000101000010000001000000000000000000000000000000001000000000000000100001000000000000001
101000001000000100000001000001000000000000000000000000000000000000000001000000100000001000001001011
110000000100001000000100000000001000000000000000000000000000000000001001000000000000100010000000101
100010000000100001000010100001000000000000000000000000000000000000000000100000010011000000000000011
101000000000100000000010100000100100000000000000000000000000000000100000000010000000010000000000011
101001000000010010000000100000100000000000000000000000000000000000000100000101000000001000000100011
110000100000001000000000001000000001000000000000000000000000000000000010000000010000010000010000011
100000000100001000000000001000000000100000000000000000000000000000001000000000010100000000101001001
110000001000010000000000001000100000000000000000000000000000000000000010010000000000001000000001001
100000100000001100000000100000100000000000000000000000000000000000100000000000010001010000000100011
110010000010000010010000000001000001000000000000000000000000000000000000100001100000100100000000011
100010100000000000010000001010000000000000000000000000000000000000000011000000100011000000000011101
101001110000000000001000000110000000000000000000000000000000000010000010000001000000010000000100001
100100010000000000000001000001101001000000000000000000000000000000000010000001100000100000000000001
110000010000001000000001000000001000000000000000000000000000100000000100100010000000010100000000111
110000010000001000000000100000010000000000000000000000000000000000000001000000100000100000000001001
100001001100001000000000000100010000000000000000000000001000000100010001010001000001000000000100011
110000000011000110000010000000100000000000000000000000000000000000010010100010000010000010001000101
100010001000000001001011100000111000000000001000000000000000100000000000100100000000000000100100001
101000001000000000100000000000000000010000000000000000000000000000000100100000000100000000001000001
110000010010000000000000100000010000000000010000000001000000010000011010000000000110000000111000011
110000001000000000000000010000101100100001000000000000000000000000010000000000001000000100100010001
101000000110000000011000010000000100010000000000000000010001000001100000100000000010000000010100001
100000000100000001000000001010000110001000000000000000100000000100000000010000010000000001000001001
111100000010001000100000000100000001000100000101000100000000001000000000000100010000001001000000001
110100000010000000000010000010001000110000000010000000001000000001000010111000000000001000000000001
101000000001000000100000000010000000001100000000001000000010000000000000100000000011000000101000011
100100000001000000010001000001100001000010100001010000000101000000000011000001010100000101001000011
100010000100100010100100000000000000000010000000100000000010000000100000000000000100001010000000111
100000001000000000001000000000100001000000000010000100001000000000000010000000001010010000000001001
100010000000100000000110110010010100000000100001000010010010001000000100000001110000000000000010101
100001010010010100000010001000000100000000010000000000000100000011011001000010000000010000001011001
101001010000010000000101100000000010011101000000000000000000010010100000010100000010100000010010001
111000110001001000100000010100000001000010000000100110000000010100000100101010000100000001000100001
100000010000000001000000000000001000100000010000000000000000100000000001000100001000000000010000001
100000001010000010100000000001000000000000000000010000001001010001000001000010000000000000100000111
110110001000000001010000000010000000000000110000000000110000110000000000000000001000100001000010001
101000001000010000101000000011010000000000001100011001000000000000001000000000000010000010010000101
100000000101000000010000100101001000000000000000000000000000000000110001000000010010000000011001001
110110000010100000000100011000111000100000000000000000000000000101001011000000101100000101100000001
110001000001001000000010000000000101010100000000000000000011000010010000000001010000001000000000001
101001000010000000010110000000000010010110000010000000001100000100000000001110000000000000000000101
100000100101000000000001101000010000001001010000000000000000000100000000010010000000001000000010001
100001000000010000000000000000001000000000001101000001101110111000000100001100000000001000010000001
100000100000101000000000000001000000000101000000110110010000000000000000010000000001010000100000101
101000010000000101000000100010000000000000000001000000000000000001000001100000000001000001000111101
100100000000000110001001000011000000000000000000000000000000000010011010010000001110000000000100001
100100010000000001000000000000111010000000000000000000001000000000010000000000001000010000011000011
100000001010000000101010100100000100100000001000000000000000001010100000001001110000010000000000011
110000001100100000001000000000010000100000000000000100000000100010000000000010000000100001000000001
101000000000111001010100001001000000011010111100010000001001011100000000100010000000000010000000001
111000000000001000000000000010100000000000000010001100110000000010010000000010000000000101000000011
100101000001000100000000000001000000000100000000000011000000010000000010011100000100000110000000101
101100000000000010001000010000001000000000100000000000100000000000100100100000000101000100100000011
101010100000001000000100001001001000000000000000000000000000011010000101100000000001001000000000101
100001000000110110001000100010100110100000100000100000000010000000001010000000100010000000000101001
110000110010010001001000000000000001011100000000000100000100000000110000000001000100000000000111111
101000001000000110100110000001000000000111011011110100100100010101000010001110010100110010111011001
111111111111111111111111111111111111111111111111111111111111111111111111111111111111111111111111111
