111111111111111111111111111111111111111111111111111111111111111111111111111111111111111111111111111
100000100000100100101000010001100000000101011110011000101000100000111000000100000000000110010100101
110001000000101101000000000101011001000000100000000100100100000000001010000101000100110000001010101
111010000001010000000011000000000001010101000001100100010000000100000101000000100000010000000001111
110000000010000001001000000000001010000000000000000100000000010000000011100010000010010000000000111
100010000110010000000010010001000000000100000100011010001010001000000000010000000000011000000001101
100000001000010000001010100000010000000001001001000000000101100000110001000000100000000100000000011
100001010000000000010000000000000001101110000010000000000000101000000000101001100001000100000000011
100010011000100000000100000110010010000000000001000000000010110000100000000100010000100000000100011
100000100000010010010000001010101100110000000000000000000000000110010000010010010000010001010000001
110010000000100100000000000101000100000000100000000000000100000000001000000001000000000000101000011
100001100000000100100000001000000000000000000000001000100000010000010000000000010000000000011100001
100010000000000101000001000001000100000001000100100000000000000011001000000000001011000000000010001
100110000001001000000010000010000000000010001010010010100000000000000101000000000000100110000000011
111000100010000000000100100000000000000100100100001001010000000000000000100010000000000001000000011
100100000000000100011001010000001010001010010000010100001000000000100000000000000000110000000110001
111000000010000000100000000000010000110000010000000100000100101000100100100001100000001000000001001
100000000100000000001010001000110000000000000001000000000001100000011000010000010000001000001100111
100001011100000100010000000001000100001000000000000000000000010000000100001010010000001100000000001
110000100000000000100000001010000000000000010011010000000000000110010010000000101000000010000000011
101010010000001011000000010110010000000011100000001101010000000000000010000000010000000010000001001
100000100000010101000000001000000000000100000100001011001000000000010010000000001000000010000000101
110001000000010010000000000000000100001000101000000000100100000000000001010100000110000001110000011
101001100100100001000000010000000000010000000100000000000010000010000000101000000101000000001000011
100000001000000000000100000000000001000100100000000000000000000001000000010000000101000010001000011
101000000100101100000000000100000010010000000000100000001000000101000000100000000010101000001000001
101001000001010100000100000000110101010000010000001000100111001001100000010000000000010000100110001
101010000000100000101000000001000000000001100000000100011000000000010001001100110000010000000010001
100100000000001001000000000000001000000110000010100111000100100001010100000000010000001000001001011
100000010101010001000000000101000000011000100100000000100001000000000010010000000001000000000110001
111100001000000010000010100101100000100000100001000000000000100000000001000001010000001000000001001
110000001000000000001100001000000111000100000000000000001100110000000001000000101000001100010000101
100100001010000110010001001010000100000000001000010000000000001000001000100000100000000010000100101
110000010000000100010000011100001010000000000000000000000000001001000001000100010000010000000000011
110100000000000010000000110000010000000000000000000010000000000000000001100000001000001011010010001
100000000100000100100001000000010010000000000000000000001000000100000000010000010110000000100000011
100010010000001000000001000000100000000010000000000000000000000010000010000000000001000010100010001
110000010000000100000100010001000000000000000000000000000000100000000000110110000001000000101010011
101000100000000100001000010000010100000000000000000000100010000000000000001010000001000001000000001
100101000000000100000011000000001000000000000000000000000000001000010000000100001000000000100000001
100001000000010000000100000001010000000000000000000000000000000000101010000000001001000000000001001
111000000000100000000001010010000000000000000000000000000000000000010001000000000101000000000000111
101000000000011000001010000001000000000000000000000000001000000001000100000100000101000100100000001
100000000000100100010000000010000000000000000000000000000000001000000010000010000000100000010000001
110000010000000000001000100000010000000000000000000000000000000100000000000010000001000000010100011
110000000000101100010000000011000000000000000000000000000000100000000000000001000001000000001000001
110011000000010000000100000100000000000000000000000000000000000000000010010000000000100000001000001
100001000000010000010000000101000000000000000000000000000000000010000100010000000000100001010000111
110010000000110000010000001000000000000000000000000000000000000000100000000001000000000000010000001
100000010001000000000001001000000000000000000000000000000000000000010000000101000000100000100000011
100010000001000000000000000100000000000000000000000000000000000000001000010000000000100000000001011
100010000000100100000000000010000000000000000000000000000000000010010010000000000001010000000000011
111001010000001000000000000101000000000000000000000000000000000001000100000000000100000000010000011
110001000100000101000010001000000100000000000000000000000000000010000000000001000001000000100000001
101000100000010000010000000100000000000000000000000000000010000000000000000001000001000010100000011
100001000000010000001000000010100000000000000000000000000000100000000001001010000010000000100000011
101000000010000100001000000010000000000000000000000000000000000000010010000010000000000000100101001
100000000001010000000101000001000100000000000000000000000000010000000000100000000010100000000000011
100001000000001010000010000001000000000000000000000000000000000000011000010000000100000000100000011
100000111000000001000101000000100000000000000000000000000000000010100000100000001100100000001000111
100000010000000100000010000000101001000000000000000000000000000100100000100000000010000000100000101
110000000101000001000000010000010001000000000000000000000001001001000000100000001100000000100000101
101000000001000100000000000100100000100000000001000000000000010001000000001000010000000011000001001
110000010000000100000001000000000000010000001010001001000000000010010100010000001000000000000000101
110100010100100010000000110010000100000000000000000000000000000100000000100000000100000100000001001
100000001000000110000000100000010010001101001000000000000000011100000011000000001000000010000001001
111010000000100001010000010000000000000000100000100001100010010001000000001000110001000100000110001
100001100100000000001000011000000000100010000000000000011010100000000010000001010010000101000000001
110010000100000001000000000001000000000100001100110001000110010000010100000000010000000100010001001
100100000010000000110001000010101000000011010000001001000000000000010000000101100000101000101010011
100110010000010000001000100001000100100000000000000110000000000101100010000011000000011000010001001
110001001000100000000111000010000000011100000000000010001000000010000000010000100000000010000000001
100101100000010001000000000000010100000000000011100100000000000100000001000000010010000000100010001
100001100000010000000000000000001101100000000000000000000000011000000010010000010000000000000100001
100100100000001100000000100000000010000110011100010000010010100000000010100000100010010010000001001
110100000001101000000000010100000000000101000000000001100010000000010000100000000010001000000000001
100100100000000100001001010000010000100011011000000000000110000001000011000000001100000010000000011
110000011010001100000000001010000000000000100000000000000000000000001010100000010100000000100010011
100000010100100011000000000001001001010000000000000010000010001000000100000001000000001011000101101
100000000000000000100100000101000001000000000000001100000000001000010000000010100100000000100000001
110000000000100000100000000000100100010100000000000000000001000010101000010101000000000010000000011
101010000001000000011010000000000000001010011000000000000010000100000000001010000000010100100000101
100001000001000100000100010000100000000010000100001000000100000000001000000100000000001000000101011
100100100000100000000010000000000000010011000000010000000100000000000001000000000000011000001001011
100110100000010100000001001110000000000000100011010000111000000010000000010000001000100000110010001
101000000010010010000000100010000000000000000100100000000000000000000001100001000001000000100001101
100010000000000010101000000001100100000000011000000000000000000000001010000000010000100001100001001
110101011000000001010000000100010100000000000000000000000100000000110000010000101010000000001000001
100000001000000000001000000000010010100000000000001000000100101011000001000100010100000010000000101
111000010110000000000100000000001010001000100001000000001000001100001000000000100010000001000000001
101000001010000010001010000100000010010101000000100000001011010000000100000111000000000011000000011
111000000010000000001110011001000000001000000100000011110000100000000001111000000000010100000000101
100100000010000000000001000000010010100000000010010110000000000000000000010000000010100000000010101
100100000101101000000000100011000001000000000100000010001000000000000001100000001101000000001001001
100010000000000101000000000000110001000000010000001100000010000000001010000010010000000000000010001
100100000000000101000101100000001100010100000000000001000000000011010000000010010000001100001100001
100111000001000010110010000000100000101001001100000010000001001010100000110001000100010000110110011
100001000100001001101000001001000111010000100010101000110100110011000000010010011000000001010000101
111111111111111111111111111111111111111111111111111111111111111111111111111111111111111111111111111
