001010221233122021100412141003132101321140341552442223301013103431342233040120122300011202010222110
201002211203210130421103101401214021315552533343231125243423232123430034342412031300201223021001122
000120332031033031330344430413203524323423224114454555452554111412030331142144014222111000311221210
122231201110001122031320031303244111122225343525212244423113552511421133040344210300120030233110001
221303332020002041414132411033512121322512432152245322154144455255144243203340122033132003031202101
003303212030433342310241313514321234434512443531442421133453131435134441423320131332322200110232011
210330023112423423322133431425425222135314235155434234435252143141232123131024321043201211333212212
322111211041330204332325552553332324253525423663424425255134412351323514312020232324110313321003211
232103222224400244433235353224455153442235366322644263345322121342135241433131004212130121222012101
322201310040232340421325225414515546663642564332362336566364663114143314542415343232442233002001210
023300333311114311224421253222332425566452433636342254356543462551152131112435323302434234012022012
103210331221324241255542544544336465526553355234362262633232234536323525334154335213142144433231212
133103442033044212433323325423444226533344645235663253365424255264266315443255113442123032202232221
121312000031103155542122242465662432255453636624623225546522425555233651132543525454402030402102000
030444112434132344323324326452635656623445435564433662425243444432356522425441444525240333113132013
310333334414153544243222242352533434343545673377577344654655265266442554335354142241520310114001110
321314132443452133225236624446552635777666577733646767753465545456623445333212241314444141332222202
121414104031323212114442562253462366767663465535657656766763764342565632336654312141113421331213123
432143413332232142235554335255536365545557756456655374343476534572324533445625555355224410334322422
422044214123552534455632644462645673554777754776546743666457373647433624526563221542443544413430211
110032145523424446644546552676735657563444774666677676665645456434477654662545254441425240011231031
211412345142411546363425346344377374435456676336673737454657364645745356264233265244543435001112011
300014433251543532264256624636556366447733555847886748854467553673335763236534623345152425201402324
433124433511225435424346355576647654548674588757857647577744544475367536464252345645514532303144242
444402315311212323465552354576636755464874878456557744877464654567546563662544326335245344522132024
243031321252345223652557534643634745748746654875447647764674467565543653335632663245545411423223200
242015212331353426243354737537456768545546765548578445466585564574555547673354254255625444135314113
131114253522446552633437373577648668787456584654645658454857887486473344464746442623634235544040440
101514534542244322544677545767846885756868587465868645887855885487637343736465244236562251332513144
044152532233552356377333354658878867865485696697555865888866774587583676567377535225321335231111244
113521341244264442774477765565547845684657786585566887857854766774765754346574465444553353341124040
334342155262234446537675754668656746576896697567889868868765887755487766557453645266326553342353233
243223151645254347636736377887744584565579765668695965579595684867448877735467672353342514331215414
351241144253564645464664346647645485576587798876958766588867985445645746566733463652352641133351320
051322323363363654467663888448768885556776675587876596787665959776845687543357473336554534342554201
212155355464663246467666668457674887965555787789767589889899577577565865665547437463343564111234340
231312425534435537735436574858555658655558659869989866787656865698545545866577654445223531411311224
331234223645626344674557456766679966967997889769878979889857597686674456543535363366626436115451511
314223154646436545747667447448789766567567679877787886878976886669955475585554466352253645332414532
422423263232263563765376665845955687897888768988696799796657966655644755556344676534663356151245221
132331532664353335366644755886757867576977786978976688677965555879587657657735656364554266552521120
332544445526635556664547577875659557667896897986969666986977958887895865478836763766466534344242413
114122643233336376537546448896575768667877767777786679788777869565965887464734547737623265245124342
242452423344553535435876758895995969877977988989878797867898898655958445485543655547456352615542510
314552224325637665467554444878985667776896689998878796968999666569887656558567437367446344621225532
254424534252535665335785767659987958769689979988887789986686767699886566757463455556323544654352122
154114664422457337675786877759696869699969879997989877978767796977775975655767343456454424654133222
122256234656435647735866544759789597789796979978788799886787896767685968567546753634326365461512221
315133432353664774565787684995878988899776899997989979777878669557768655754577753335344643351533322
314314635322354475468476577565785979767989888998778878977977899955998848587666766374455536664244415
143252544444473746435674578559887968887989898998887799777769897686696658677747634556766366323545511
441454562522663656768686446888699899879778798999899777979987797688585568667446565467352663454321515
125322236564347577538464657859697868867977998899888798779797689777778788775565455767335323263224514
325334634656574566557786447687975868988967898988887997869778998998895878884746656756622254345414212
415254545345346643334468568665858956688668977889797897797769896597688644587744433556263534332535242
325352354532233467768685848979667759897868999788888798988769868597889557785763677463365452515512243
312511442526454767574654577786897666776896879977899797769969988899877577567786536447433462355123543
214253465353274743446876684496976998888678679999988989869989967757899665488643437676562636222425243
551535422354453375346865747857656578697667998897978679876998896685889688877866457353234342331223143
411443536324223735776545547748769695679976766966978768866988796895888584684756676665246436234451344
525311556655323656376778587656957985988896986886886686777686768695866487675643347334346622613125243
221153124463433347353757667877989868666786787867769966766969759576885487477747453464345524242333511
141344225366556667533655667677799596965968686667868669789965997658744855876734533463255624242213221
321453126645435334656334575855859969795898799668968696897889868768666446876377655442224424155422311
514125344645625577476577578557489767896666597989688869667997967596755764885546646332555654231222210
514442425226423435673646546454558878775985598655768996887586856858868866553765775653465434424152402
011215535366364577534665546558487698769798779765898596967589678548648646744535353546532263445253103
021431353523534224553635465845874658975655768855875697995579978485575555653735633246446442554224140
425345333466334556733646334858465467697666957979768599659697644774748777545647673624452333454544213
001331431425362566376654366757586484855759595786885969889784567586677837533537464342464521225140410
342342141565222523345736675447466844868656657698679688955764656674745333665774466226435511525420044
222444321526235433434734466456688558667874587575997669574667774464565436346336532426345125412314044
341143142154245525627667666373745784787648458687445765466478784875875643456573442466344353542240414
134033553225354366534364665544366574445844888648484565757585774868763576437445535334451333532011434
243333354243233645523646543433676678858886865484585745657846754866544766536365334525615423435121010
133341141341155466563565634435545775544446844444445648764787576467533574542345345446313222344043323
122133453234446333332563643364373454464787486784754777777448635363337373433426656333243315431034011
042223241513124644326622546763454333748665487455445575848676753744344374634452532653241352512242203
203224451541111132662252336545547433664433586848864477857773346364756333554642343553454444403102301
240303113455315264466562525553434577665735474673667664454375457456647346646522636253255322201123102
224210011443522334436426554574553645536367433355345377765777474336637525632326635253254323223444320
100304132112252431425364464364755376437655633445535575746676366747433535235353525412155404200211420
332023102155221524545642465333326736577737775736357755467745767766634442366446513413513124001001232
103421333213155445435555225662445235743345736473473476633445344264444443524624121511431303031430001
010424104143413121132533536646442242434656356477737454775734643364342366365552323141122422234201312
121000031242223443232125532633533453255347465644543333635454352422655426525521515545410213031223232
002301131433442143131312546432533443222445356245377455422636226652224354225153234551341342024311303
311141423211105411123311533253652553542622535524354265266256632322455231355443122431040031404333111
333132430331213215452152351453252656446443222243655436254445563364366324125451221113230441302001022
032122404234313144312144514133664553345545355363243652625466523625253132151255234012010443323202210
322312343304230430354133443455222645636544246364566664465433634663512252444234414211034304123313133
031130332424010103053255443123454423246554332433243552623465254443453133555252202101404013000320013
103332032011021432311154344331555122244665453466422225463261125223333235431141013342001032031330332
210302122231441001203012413522124445553515523545656653345335515521534221322232214421024230301233112
211201300303323312233403242354515151321512253513543252544211415135342544203441341004211310313303001
201101220111113043013413044341432225125455543425314253535244515541111124010202102130130003332202011
212230111021102432031330300132454532352342144535524343343415552545222134020313244211102232121212202
111103321313223404022200412142223445111251352314351421444445424125340031322112323331123131000220212
100022000102300302210411423144324242433411431225244311314212523410110133022200041033011011212112101
