101211212110110330140002220331011014325212413113442522134114334242423441324114012203003201000220001
212022000131321133323211223130043521424544444124153413253152111544322241214002220404322313123301111
202212121232201112442313020431222545255514343343425535441243253235454231003033130234201120111032212
110202233300031031201202010421111145515442535352413524345554521522234143440314310340311111022101102
100303313013112400143144302445243531514112445252345315352215123151515453242304332213323303003102112
211332103032420124412232223122435125515533543356656545325515355544421225314210302100144132221203012
233033130230100243310141134532333322521162364522224664354566442221555133443451113234120110230233301
310023000310404101202252555331354344452564326255342334233455642324454321344552350301010424233031130
331313321403430112414432444252215366436334564466665463642445636546222554344331453034032403343213223
012202323344010210432552151231352526325664526256342363553545543355466331415441213441313432404221230
220100203144032311122154521423663463365544452634556342222344644656252354153251254512312133034231333
111333404130040134221344553132554223236652662562453425535226245355256352335113321114501112324141113
303113420243143155432351522453422256622636224554773542653544222344335234645213131341244334131103200
232322130312014545515125525624556224253454536333345446564743552354335336235521232344322242130000121
213102432224221141323255563663243463346437577454737774653656434242244646635335231121314341401424010
100034130303134115121426425344444462443544336674374374637543347532544266522555534544551312333124301
232100100421315314315644663244436667767547764557753637577737775637623333564246545425122551201320233
024112002404551214525353532535334747663676647575535544336556734673557463464463524134252211231403001
023444322323452352536623236525736633474777567773543553334763635546355475455624634433225344110012422
201321102223552352636225646643746654754573454466766376474537566775434355525265664462513554311303042
103201304444454355343246455333657463643377758774468848685334466334745545633252266231111145154422302
302242215253142356235254436473443447357676848575544554784566847333454367645226623446421315142322240
110430134513342333656624334373733363536844777777457487684787464454373463346365233333644432354331221
323340443222313644543543245475335764675787467846544444448644445577545534436565365664551143141143331
010121534324516525433563635667445668457648756547585484568688858876676334345646325546332342453333342
434110235333154433535544734675367868477585757565484846888448544475663445566463435663453522355330431
414042245353443664244375654346578578487874664567544786854846787487547373666766726525542451241341143
440413214521543624235633643634565464477766475966799575785478766855886654664437434334532625123444222
440024525115534622664477566333547476656467559886976896756656868448664744576637543325222565141243243
014041522125464243464735335738776685765487988969588687595957558484685757663456673665263524134133100
312445454333254426376746545777847477446796956995867979759666796764564858433646337655433664333543524
041422455244644642336537356555575584879975599796578558867556579856478548564536355422435325353134120
301352544362235645353535447646846845876985769695898567977897967896784855645566435775463663535512110
204251424434564356577567355668868858658685788699867556895589577878855454645646376534324622524244415
012222132456555233646645588467557695769799766968886989795666698767984755875775674775526546443521415
113224551424422244556773678644666867868988798696869866997898597969958558575433656433534546621354123
122312242426552364335437678558447856799569987966868766686869569695997776766556335766655663522443141
115333242425543464354747774784588675957969667669967768787687666868989778766757353743334364421351122
342521316226643433743346576784668596867686777686688688689698889589759656785877673656323556655113525
443154432634642566676657486485888598697889668867879669667679976596967847745545677537322423635344114
341322133243432353754668778886988586698899678976879798899766796875656758747568643573354453224535155
342524222636265676734346884566998757769989968989889999976876888899679694486678644347472353564352412
345321553264334744635687765775778998889969967797998779978698677666798687775456475767454625244115213
342215515254563364776367587755988795868967889897888887999868798957766979848586867764332235453253523
242535233435362655334447785446886795698967797798797988779866886659858566865864433346643543545452514
212414543452226657656647488878598899899877968799788889898769889868579786744687755665475656436433523
415422362323533767554565577887877777986797977897888998899779768868796958756464835775743465632223521
515123454366253764565644766865585886797789979777998999897877978998996888644686867656366225265454144
115545323663667655436747776856696686798967777997788899898989788869788955875476534647374444445252341
514442466635554473667666785848899559998779779878877899888989767979587565775674864574453223536413413
223335153346443533357775457556867755966878777979989799998677998889878599486787565477466353234331513
122215164563623436357645765869586767698787688997887879979697987795987957445668537746534656432652221
222331456424454654343767556579577779697767879778989799978969996968696957778687576733754224466411451
221253456445323655554364757665688996767686689987788889979986967859789956767587533566535252435424452
235522126443644763734765855656788965666999869697878899986698677766589878444455764566736523422255413
015245516253654745556345584544859556898898768797878989889779778969599598857678534535355443324254242
243421542562326737745437464788569565968777887976687777767778766867575698844645735673633332346221411
314242443435664667367638874568598788859779689666969689798698766755956578775745466655536625544445233
021125255662455463656537756756785978555569776886679879687779675768757688557446663533353466235133231
122542151653366435676443655557446556669756697997696889867888798786559548566673567365362232362324224
235414233546352253664455585574559966688679878688787778976765765667987844744766747545634646451322413
115154511634626663363535345654476686795758988979878967988799769669976667654755476443626546322432133
422113114135322544456775668545545896568656787668989968956855556856555858475634537735534435524213132
043432111465343364734745566568565775775998988985767987787555569788476754866666764642366464553551212
102455243435455633374753345786548677959566787695678785576677655588867844888366764456363363323223150
023153331146253256364337665647546544589768885667859678897785675584546746643466464546465352441142153
414512133415243353276764537778844768486595975569596866567975565485447788773637636743452546151322342
332353243355623662546354755667784557788567868868988765796698675647656866457576735644432262551243433
040421143353355444564475643457567477667458758788665585687756486548745565567774477244462442143125311
442111132533123522535773765676385785477668888568555796696584568768878856453333773653255332235251440
441315233152265632442564637343736784588558788546868564785868657588648767545776445223442245435415101
044040445532436326244647464443374684788758454856546456485654787866846775373734336255644225352411131
311413531444526552452453376745555475465585664544875845567645545867654735737453342624353133212510242
002322324114545542366236533356345565764476467746744578456647847547436346435755256322543252123130342
420231225443542533623445266365645765456464778447755654878478464557636675453255564323212113513204444
242441303235415546543252464635763574445447775746758757885476845456746675553643424534522115334421334
423204102524251543326435632367533376355764458847688748555337744663655636426652462235345152334410003
110211100534345442562332462653547546463756454737376633676654534473773443643524363645114241543214112
130132110042524144452545266456774434654546566676776666477444365756537676255645446644424325541230011
112034314445344245122365625426334746373754666347645677457777455376546264446236554435255321412440224
224223433014422553555526544335423275435674343473556654657755545563635552533455532241232233314341234
321312133124311141213456633236565243467367667656756535564366767663264352265244411212323130401414121
202222233141444413142212333544326654545564357767646337775666777536255644426632522331254344231413123
011100411013025142241453533455244662562556456443775773376545343434335253242222342445351414433333013
310231311333042525444144524225653234444342524266334465534544326656536254623423323443231434211444030
000201204030204454525345231156332555524225645522326426636354552234266564242221245551301130000213121
122232202230321244311552344513662462552424563352366532546443335622444324523323334212440330244301331
212132334441241312533451433525323635432232336262263432553355625564633445445245552142423122133012301
210220210432434203323534211131251155264345653452243636334254665524233222352124422113411113333003320
012100200332244232343514245413341411366463665633263233465246366645515414522523124043232040013102223
101210222121031212400131334142531243121223543362446223663532244351554422353532334442004422222301232
112300123313011423232020213415323153214431552524424366324525352423233355255523233402033140112111223
212212333112102340123420131321232141341252534432434551532413531222524524134331223324324211320033012
110232011002223233131023324144431534131354331124244135344215434432123415313142013243334030212303300
101202130300231330221043302342441552554441451223542251234215223121215330114231414140200020233303122
100011332030021003012443040331124115255311324442212525343522221111442303130023130221100011102132221
012122113000111222410441241133030214111455254555454411422324323425302314034443033130330130233021000
221100120322102003130214243430034321232324342521132343335255513120412104101301124031012302112200102
011222010202110003221021040332243134301310103322244255143041123101231300141214001120221332122010100
